100 100
20 73 1 83 64 81 64 18 43 69 88 84 27 23 19 33 61 6 91 35 32 26 23 4 82 70 13 75 56 5 52 78 69 79 25 71 5 29 99 53 41 59 57 73 52 68 62 21 87 47 7 63 91 60 9 65 34 84 31 39 19 87 14 56 35 56 20 65 99 92 40 58 69 95 75 24 3 28 82 85 92 61 34 5 44 70 87 70 52 11 36 64 85 28 13 88 79 85 93 9 
3571 2384 117
8946 2578 858
2392 78 644
3944 3040 412
7619 6820 632
147 66 766
7691 298 560
5579 833 663
6617 1528 165
8959 1497 400
8866 3410 597
5136 4321 88
8687 2486 682
7217 5317 399
5758 669 177
6208 3546 846
9916 5349 941
3096 2266 296
867 278 817
8879 1376 857
2281 600 192
4476 3721 827
1780 1318 807
467 50 378
2892 2315 221
9698 2503 673
3159 841 577
9493 2749 334
1953 1018 424
1042 949 58
8240 1874 662
7940 1442 264
5287 3937 63
3260 1271 269
8231 6774 331
6007 1925 673
4795 2392 930
9709 4296 987
2591 901 308
1645 501 766
7934 488 742
744 70 585
2613 757 945
4357 3724 485
4247 1193 438
9171 5709 148
9507 5441 679
9487 8646 389
4613 3336 96
6514 3764 741
5275 4147 691
3271 1951 162
4539 2833 916
3826 1573 610
2707 1978 338
785 409 736
2889 2684 5
6404 2869 165
2965 1755 117
3514 877 190
9861 4059 708
8348 5685 383
6714 1674 939
8798 183 255
5808 5628 5
7776 6169 783
9626 2769 802
4974 1475 479
6050 3384 83
236 15 192
340 116 650
5036 3340 526
8029 5218 785
4656 3564 73
7019 920 629
7387 6393 459
8489 6581 38
3342 2736 174
6756 670 211
2311 929 784
7256 385 302
3354 1564 230
7883 5181 144
6228 4707 969
5851 5 848
1535 1164 678
6430 2401 758
9846 3426 769
8683 6711 980
2522 1266 293
1633 1174 6
3015 735 165
7028 4260 11
3437 465 431
4138 792 766
7610 4201 489
8155 631 17
2034 728 278
1539 954 4
