200 200
44 55 79 6 17 78 90 92 72 1 65 74 8 39 43 51 77 69 52 22 100 88 48 60 81 17 48 6 33 84 93 63 10 71 96 57 87 18 9 73 6 24 99 35 83 28 54 93 16 60 36 56 32 69 74 91 85 8 59 5 99 28 50 21 19 75 60 34 56 37 32 73 98 66 92 24 10 72 16 33 17 4 47 9 65 83 33 70 11 100 76 48 12 9 37 53 36 18 96 83 26 12 79 46 91 13 77 43 1 68 52 56 28 16 19 95 63 40 60 7 96 20 80 52 99 92 28 97 64 68 61 49 3 56 91 80 68 63 52 8 66 69 78 87 28 5 57 9 97 7 46 20 67 66 60 1 59 85 44 87 5 10 87 75 11 74 24 1 75 27 49 7 96 75 97 64 38 43 69 88 41 62 49 22 36 84 71 88 28 60 86 36 62 82 25 2 16 6 36 39 
487 298 442
4226 783 423
767 522 655
1260 190 133
7696 7268 739
6962 1488 339
7444 6231 39
2050 871 997
3873 2729 878
5785 3136 20
4349 2870 253
9761 593 761
2438 2095 66
7611 3088 869
9276 1767 364
8696 4347 704
4792 4759 151
3397 3114 186
8656 7533 255
6305 3897 88
6689 4426 94
4635 2198 635
9219 4499 183
2008 554 532
899 102 82
3559 1364 141
9503 5778 537
4356 139 173
8678 8322 667
7114 4934 86
4129 2901 132
6294 4989 375
1340 472 543
6166 5323 831
3191 2181 86
7078 2790 714
1386 14 717
1889 1525 864
2002 267 286
1881 1240 577
3942 3142 75
6121 354 839
2239 1804 196
29 22 368
6793 3651 572
6380 615 251
5010 4192 700
6224 2694 139
2616 205 568
9969 6823 655
9367 4607 806
6735 1227 694
5225 3777 913
2762 1215 577
3094 2939 921
6874 756 516
625 425 444
4237 583 833
7062 1376 305
8001 6316 276
89 26 103
5625 291 961
1744 1377 858
4508 2664 33
5053 306 348
6109 3904 274
2836 2316 750
2766 1310 851
8802 4347 542
6254 4566 792
590 149 424
4660 4532 714
4186 4142 365
167 149 487
6122 4607 183
7322 1585 635
317 223 135
6249 5203 416
3257 1274 221
9669 3360 55
7890 5747 437
6264 485 999
987 423 289
5198 1455 708
8960 1873 289
8237 6684 206
5886 3848 440
2779 1931 723
9020 4710 462
3365 2550 285
1626 566 246
7841 2211 889
9136 3802 13
9089 7254 1
2054 2035 781
9298 8567 41
2949 2622 640
5764 4636 184
2097 58 581
7003 1362 866
7331 7215 521
831 12 598
1996 1520 759
9831 3268 760
3041 2373 648
6830 6527 858
3208 132 841
2545 1206 382
9036 1833 47
9217 1480 217
9789 6634 525
9357 5047 974
5910 3347 229
3319 1265 782
4704 1272 640
7708 1402 548
8409 1478 993
860 435 719
8015 3612 515
9245 5168 754
7468 5395 65
6858 1940 511
4141 1377 484
6165 562 377
5164 4746 368
3848 908 447
1498 928 99
5061 4717 218
5853 5175 998
1798 267 637
7060 684 766
4411 1741 225
6937 3633 469
330 39 445
7280 4242 504
810 647 144
2548 372 492
3798 3090 521
5433 2919 268
2420 1085 203
4641 1581 271
7989 6125 685
9200 8659 441
6630 848 48
5100 3280 584
3701 2357 792
8616 4988 825
6865 6150 510
6682 5258 847
717 381 87
3039 1047 739
6212 1986 154
5801 1591 224
7710 4232 62
6882 5500 263
9795 7295 784
1429 223 597
6707 3636 756
5089 1413 527
2537 2252 889
8347 7901 832
7513 1955 317
5663 862 132
8577 5172 275
8584 1384 394
4693 3891 634
5766 1886 451
1935 873 159
8771 2242 336
1825 1062 923
2169 846 317
3497 3059 905
6046 5850 529
5766 2810 567
5720 4203 14
5252 1509 709
1683 958 901
6718 4967 940
2510 1455 495
2629 1526 802
3711 762 515
2402 1314 840
5570 340 128
5435 2358 224
1096 22 396
1364 1278 818
9351 3591 327
3364 2863 495
3273 2220 796
2268 2155 215
3231 1546 983
7682 7574 575
4220 129 727
1478 912 185
4223 3227 864
750 332 232
556 500 95
2915 1088 942
59 16 936
