500 500
196 252 327 315 396 284 159 338 198 372 154 11 62 84 309 172 159 5 219 343 59 185 50 162 48 330 400 89 364 123 4 47 112 132 322 35 371 387 342 153 117 279 271 185 365 52 341 21 45 315 198 76 125 150 210 368 328 110 269 254 54 385 336 391 140 185 361 309 3 188 250 92 67 132 313 267 198 241 127 65 368 168 9 370 197 6 184 362 295 254 255 35 386 287 168 305 153 310 129 191 116 7 157 272 203 59 252 305 94 93 69 162 140 187 377 289 128 43 112 49 285 76 74 265 338 100 208 97 65 398 244 97 292 195 133 50 319 356 370 124 257 385 72 222 309 238 346 194 187 98 360 95 386 370 308 348 274 285 279 252 375 23 132 163 155 355 351 272 276 1 256 363 252 95 108 29 217 180 116 299 174 280 221 212 112 383 176 75 167 28 79 338 298 147 345 315 151 374 57 63 350 372 50 267 357 78 79 342 277 397 322 30 87 383 15 342 353 215 201 266 141 86 43 379 37 249 323 256 110 118 136 327 287 224 137 67 162 279 204 158 141 258 40 358 88 339 231 341 170 346 304 332 160 114 148 14 330 360 118 109 285 286 3 293 87 285 213 109 100 135 123 101 279 357 309 143 315 149 129 228 22 308 372 6 354 219 17 264 364 313 111 379 304 233 7 387 151 148 44 184 314 226 29 226 328 36 354 18 227 67 255 238 21 184 172 203 112 165 190 218 387 364 109 98 3 320 171 270 22 292 237 313 166 258 179 33 78 231 305 150 282 207 369 205 167 326 155 379 344 395 165 366 192 376 233 181 99 303 173 113 147 45 183 377 89 76 105 193 184 165 232 218 314 327 227 116 339 334 68 244 312 44 58 379 258 147 284 113 301 293 257 45 84 376 325 31 326 155 70 207 111 262 52 231 35 34 24 25 134 190 375 262 389 54 300 362 102 3 340 33 327 230 104 150 286 365 77 210 301 177 370 105 165 114 151 26 134 278 332 286 364 115 159 106 285 81 356 174 86 246 143 145 159 368 306 354 344 394 79 334 248 250 228 64 382 334 73 191 66 76 333 137 43 9 42 19 317 53 328 185 31 273 64 206 245 98 310 3 52 263 383 331 258 69 248 104 265 354 189 58 
9494 8073 877
4952 4221 113
1505 727 383
93 46 49
1385 648 549
7562 2402 690
562 514 439
5341 1908 847
928 914 121
3073 2004 321
928 809 142
4731 1094 274
6806 124 697
6882 6130 685
7612 5677 653
4616 1702 479
2472 567 253
322 234 89
2918 203 7
1675 803 249
4355 3747 86
8287 1438 136
2269 2085 986
2830 2466 743
9369 2226 746
1065 634 619
1560 1109 158
3468 2665 875
6309 1155 922
8135 6166 385
577 144 62
8046 1526 923
7821 4597 894
5773 2724 877
7490 3291 929
6749 2708 731
3164 3032 880
5919 430 309
5900 3912 401
6772 6089 101
2399 691 65
1344 958 728
1583 376 744
9584 1899 165
8329 6653 632
9367 8523 632
4253 1234 676
254 177 80
8607 8457 799
6499 2593 385
7333 5753 836
9855 7919 988
4427 1554 593
8997 3642 632
7000 325 90
6576 5543 879
3331 184 438
7550 1563 398
8984 3760 912
9492 5652 927
5741 2669 471
7326 5984 872
5325 2525 373
5230 1647 762
6200 2210 136
394 269 227
9071 1152 417
1082 275 292
8980 5572 314
8583 2816 843
5934 107 717
4126 1877 56
1155 264 616
9403 432 383
6006 5313 987
3392 3177 784
9699 8075 700
7758 6226 229
1096 417 396
9528 5025 766
8323 6750 557
2254 1706 304
6253 47 695
3407 2428 687
1167 1075 728
3973 1303 694
7223 145 684
9084 1789 600
1236 320 608
56 52 892
7679 4244 272
6003 1767 87
8137 6194 984
5455 940 465
8029 4405 370
6329 2183 270
2417 1093 285
2285 692 529
7397 1842 112
8333 1453 803
2401 417 87
5922 3975 299
1795 1672 142
3661 1694 931
8484 8410 789
7200 478 34
247 53 647
7146 2436 634
7676 2514 593
2191 600 662
1778 468 684
9163 7389 897
6576 4303 786
4599 4410 479
4716 1969 701
930 43 537
6935 1604 644
1044 855 172
8237 2398 261
8757 7161 44
6209 5610 738
9150 5598 878
2421 2020 667
7601 7183 342
1375 261 204
8438 7655 988
350 121 614
1362 514 409
4326 177 890
1926 1222 140
7855 7523 134
6911 3836 744
7578 5316 532
6437 624 366
5175 1902 162
4452 2591 70
467 152 677
1682 894 640
1706 1072 600
8028 3266 906
8594 226 274
3421 3053 603
7605 6199 424
5527 2585 527
2670 994 836
541 44 415
5175 2775 102
3732 692 323
7442 2315 552
1967 1340 459
106 11 95
8850 911 368
7414 3763 4
2234 1625 62
6829 2194 262
2490 758 376
6452 3079 132
6400 947 373
7704 358 827
2917 2331 439
9223 6235 242
4870 4345 444
2716 777 313
2461 1543 310
2138 1510 788
5153 3891 704
4418 3514 733
5207 4602 743
1047 262 370
704 473 156
6212 5332 407
4866 2199 464
8206 1275 211
8644 4397 657
8778 1595 629
3637 376 758
9716 7728 763
8845 1162 484
5922 3283 459
7497 6863 4
7009 3482 954
3568 3342 825
6261 522 227
5160 1228 484
5300 2883 317
3309 1860 954
9312 7322 729
4553 1463 516
7963 6487 848
8494 4791 60
2330 1200 685
2660 2230 408
8976 734 675
8276 1479 275
4236 2477 648
7376 3152 468
4705 4033 389
6630 1930 801
5724 4767 362
8796 2480 613
4118 1363 967
688 433 364
1027 920 899
5136 1706 66
1521 497 248
1145 170 13
7289 1014 654
1694 471 137
3671 2217 181
7441 7256 612
9301 72 377
3492 1465 599
5101 4827 598
3382 724 817
6419 6159 496
8753 1168 471
8482 8053 562
6857 266 421
9212 6265 64
7276 6989 733
7681 3248 308
7974 1892 662
9997 9283 896
2542 991 631
8768 7606 266
2041 496 873
6056 3284 17
4124 3729 446
9120 8223 620
2835 1878 548
4259 3278 497
575 259 850
2826 2457 327
8622 4329 919
9475 3616 934
2954 2045 476
5471 3247 915
4309 280 537
9800 8200 950
9760 6734 67
3687 1420 115
9561 3505 128
6449 480 536
6921 4506 388
7675 5626 977
9889 862 162
9482 2832 643
412 252 886
6569 3761 118
9946 784 152
476 277 753
1903 1774 766
1452 1445 260
8360 4288 991
5764 3461 639
1619 1556 566
709 256 929
1739 290 264
6554 5250 933
6297 2376 368
5966 490 666
9947 5057 277
7877 103 517
8115 4912 98
512 133 564
9307 7433 920
7880 6812 738
3256 1146 374
6769 3612 887
3325 1957 661
2059 1098 269
2437 864 622
8007 7427 530
9137 8878 466
5320 3944 339
4498 106 181
7905 4265 974
3352 2384 395
180 52 971
2191 1654 252
857 767 884
4421 2810 434
6012 266 62
4908 54 267
7093 4667 502
2506 2473 239
2515 661 638
168 120 314
8711 5922 451
5788 420 628
6345 1529 12
5362 3082 665
714 252 188
2684 1480 209
8288 460 792
3565 2446 95
1153 1051 828
9347 101 797
1212 1021 267
1896 679 817
5192 2785 439
5413 388 841
6114 348 552
3049 993 597
2825 244 424
8668 689 912
4155 864 499
4745 4431 444
9654 3936 64
9185 1572 183
7334 703 822
868 402 664
5509 1412 870
34 6 601
3309 963 196
5841 4525 93
4477 3838 471
8494 5190 180
5518 1825 639
2997 2803 634
9996 5848 805
6093 2339 297
3241 2361 906
5701 980 455
7659 6990 799
794 697 113
6778 1911 993
4678 4103 551
4531 2409 893
9514 1069 159
9914 9443 735
6213 2204 679
7890 6600 663
1899 1510 806
6169 4378 667
3502 627 972
3834 620 776
8553 5154 893
6808 4867 233
1419 1090 913
1009 269 975
9057 9041 33
933 752 230
8415 835 56
3196 1811 739
1447 505 272
6467 5876 123
2705 2504 165
3890 872 206
3752 1949 600
8221 3319 275
3543 1829 638
6749 1990 171
8863 6709 91
5133 1515 594
1671 982 167
2614 1532 446
3339 1066 231
7549 4384 407
4888 2577 435
4442 3693 312
6471 2056 369
2376 1589 668
551 314 314
9339 7298 347
4496 4313 406
4932 1868 292
6734 5410 718
7853 6616 287
1551 325 491
1247 11 831
9937 3497 869
9756 7183 852
9564 9400 690
8830 3483 650
2637 1461 677
7813 1350 310
8696 3203 872
8620 4636 4
2185 346 811
6554 143 757
2394 1114 512
9939 1773 535
9569 3966 845
4371 2025 304
7 1 747
14 10 619
3229 1226 335
5348 2507 292
4404 4151 283
8631 856 495
2115 1530 150
3551 3149 842
2850 24 611
4961 232 513
7856 2202 446
9121 5180 488
5589 2842 479
6443 627 333
5637 489 685
7955 1915 331
1176 742 72
473 335 990
4737 2304 511
9577 3764 698
1666 1162 479
6333 3324 654
2245 1546 112
4473 3788 439
5835 3056 16
9288 4382 443
9973 3801 541
7772 2332 478
192 149 285
8743 3986 801
9283 7168 758
3373 1779 29
3404 159 677
3697 3561 510
9832 402 776
7540 4950 601
9921 3786 259
9155 1053 740
8323 7043 937
6287 4184 596
5801 2824 785
9924 7342 164
2368 1612 212
602 397 752
2682 2316 441
883 182 256
947 155 484
5376 1061 947
4665 2933 621
5178 4093 458
6355 443 565
9705 950 874
5990 5503 348
8285 5294 465
9341 1007 606
9401 6905 218
7820 7329 225
5366 3557 562
8353 8072 253
8114 5308 278
8033 4337 136
3830 3000 882
4652 3403 423
5338 1465 613
1686 240 284
9573 2186 512
466 106 445
6364 3034 747
8580 750 540
3592 3397 917
9987 4498 686
1662 180 395
9900 4228 302
2893 1408 665
1549 211 924
8567 273 228
1675 576 593
6521 5846 536
4863 2199 89
5067 2928 465
2190 1201 186
3541 3270 752
3282 2478 323
320 228 676
9942 8460 510
5167 3074 153
4998 4433 665
8673 3845 917
7252 94 781
8728 5685 776
3074 1067 938
2456 1403 646
9071 8944 12
9049 5985 777
7003 2798 183
4260 3997 659
7575 5207 405
9236 3286 96
4204 2451 502
5346 1011 630
5794 379 838
6007 2345 869
3639 59 82
4377 1361 921
1547 64 47
8430 1403 809
9617 2315 37
174 14 947
9381 4147 649
5234 257 981
5810 1575 93
6962 5003 443
8078 1536 877
7113 5843 418
