1000 1000
822 929 514 537 82 825 885 486 901 944 630 943 412 177 284 620 793 877 4 966 771 578 157 3 560 547 264 43 787 138 670 774 753 476 157 934 358 55 283 766 998 174 72 296 404 819 620 755 814 291 629 250 192 591 259 587 268 921 198 259 602 184 957 837 972 758 830 171 74 426 497 976 190 291 412 889 184 692 894 33 527 437 612 695 745 69 365 538 154 10 161 248 480 982 974 256 496 122 68 57 901 703 410 478 390 110 672 61 170 612 419 615 888 97 113 734 210 407 567 171 611 187 718 96 668 1 313 513 848 179 343 854 968 670 500 254 988 958 70 942 278 106 109 893 644 961 194 12 954 731 985 259 73 862 769 155 273 121 278 746 255 256 930 449 793 8 341 598 569 180 747 303 287 440 820 993 372 918 601 158 779 798 582 823 91 343 678 247 713 782 732 167 414 47 828 918 106 91 431 151 545 920 948 87 733 952 945 291 450 299 869 138 95 626 934 36 77 729 132 997 167 986 738 764 711 338 616 760 314 117 295 982 237 231 275 765 867 777 694 697 647 985 778 464 10 495 647 331 273 777 298 488 151 779 810 182 207 142 413 590 182 925 571 783 223 983 902 52 203 914 57 62 711 669 327 680 869 811 659 615 583 590 424 797 409 553 730 497 277 942 823 741 460 450 669 871 398 115 581 157 109 11 853 599 417 614 824 421 530 66 841 7 20 349 904 704 725 420 629 8 196 558 422 747 752 996 918 553 935 35 340 559 632 94 779 487 579 274 377 485 346 418 918 694 780 53 155 260 55 895 521 720 362 435 53 413 772 36 392 372 785 168 567 522 217 512 606 982 845 270 704 108 1 996 814 738 252 425 321 911 523 872 165 623 720 495 392 915 980 846 644 290 10 986 1000 793 909 156 711 559 351 847 165 745 756 176 839 855 543 90 663 140 532 883 720 655 326 79 899 541 476 46 262 660 807 496 548 504 868 207 462 508 5 574 148 149 204 942 488 522 448 633 931 82 283 24 586 816 35 159 813 338 800 407 120 990 850 308 601 117 16 218 787 290 957 488 999 41 113 1 555 283 803 675 227 163 346 889 706 640 407 720 150 770 257 481 10 732 422 840 638 975 66 27 391 93 204 272 454 971 528 915 999 132 618 435 516 181 140 553 532 627 152 424 204 955 621 229 594 660 889 655 807 657 983 366 867 370 171 730 112 393 971 155 69 101 691 706 163 798 386 940 506 274 870 220 581 849 897 734 517 703 335 785 767 131 551 533 957 199 945 199 287 237 693 142 813 514 846 250 16 349 732 396 524 626 90 192 93 39 309 841 366 207 346 260 27 931 958 271 638 161 224 163 140 501 524 103 722 798 484 764 300 40 875 562 291 610 324 241 566 622 879 715 182 348 418 903 295 228 505 607 746 426 839 816 350 793 627 867 611 494 503 409 952 731 962 672 573 746 83 348 923 207 952 570 16 287 391 344 87 943 389 720 253 690 609 422 624 517 485 730 254 560 681 769 431 906 286 539 691 210 549 439 125 703 147 29 391 479 679 40 824 943 442 350 781 477 470 45 306 771 977 549 252 161 160 16 502 100 174 806 37 644 489 29 107 821 967 2 831 219 104 735 724 874 86 249 767 987 387 88 423 814 82 504 505 845 766 504 51 900 340 805 824 732 288 929 852 342 142 553 819 688 96 110 873 857 717 446 805 541 111 237 655 316 138 604 794 982 492 715 258 878 404 130 977 145 208 735 366 582 473 972 721 964 156 887 296 912 162 177 171 53 322 165 667 55 135 839 345 882 571 863 726 335 354 153 409 698 170 879 31 723 471 838 34 140 84 884 61 522 1000 881 404 381 984 585 611 822 638 971 964 58 847 795 766 472 856 278 601 612 178 811 729 634 455 495 547 25 802 719 483 377 742 926 294 559 316 796 442 966 656 843 200 775 702 469 706 72 663 637 425 453 642 426 458 129 669 349 86 504 635 600 452 331 527 504 791 655 215 197 938 786 517 625 368 261 952 384 979 601 774 732 557 562 50 405 916 556 427 56 901 485 406 780 462 388 629 74 235 886 114 277 255 381 217 953 932 50 588 486 408 997 855 385 156 372 997 348 923 160 544 320 743 824 274 957 289 790 524 8 217 625 616 211 584 157 922 199 596 599 331 989 412 118 826 733 640 845 1 666 752 736 678 670 263 633 326 113 980 501 962 517 320 816 769 738 878 205 491 630 316 795 488 495 868 902 313 194 218 995 330 771 509 658 308 480 822 930 
6417 2526 885
7963 5043 585
2657 2012 171
667 103 621
7618 2188 923
3311 2131 974
9215 1931 912
9325 3571 995
7728 1805 165
2441 2357 869
7719 6659 658
2662 332 830
4256 2583 70
8282 4335 164
288 260 57
5973 3137 340
3669 2785 371
1569 331 157
3449 3060 480
6229 3109 107
4410 3029 951
7280 5612 463
8299 1643 473
3984 2080 379
5269 669 192
4497 3192 802
9506 6425 55
9339 5691 956
32 12 725
5126 3894 988
4581 544 123
3207 3124 283
392 69 283
6427 2379 323
528 512 378
419 154 454
4874 1577 917
9495 1400 36
8524 5102 806
664 15 910
302 260 199
5151 3503 310
2993 326 942
2875 933 478
8707 167 355
8249 8132 912
1670 494 811
7529 5770 246
4230 98 10
154 121 659
4876 4638 401
7695 3741 947
2048 576 76
5491 501 849
8002 1962 318
6344 4104 491
3067 2944 392
2809 2164 842
486 112 421
418 6 976
5033 5002 321
5863 851 236
8492 85 100
7265 4374 114
4044 565 402
3125 1606 586
3593 92 43
5621 2521 795
801 537 45
8222 4742 869
8806 132 182
9249 809 910
5158 1883 278
4546 1313 673
8518 6700 457
1048 2 584
1286 579 957
280 35 264
1297 705 985
7470 3422 535
9518 6557 880
1822 1592 476
3414 2870 113
6797 37 616
6098 5238 378
327 21 628
3634 2909 174
274 137 895
5477 4914 188
5275 1225 832
3206 1917 585
4111 599 831
9487 7398 71
1755 992 916
4231 3811 934
7364 5163 951
977 592 80
6710 292 136
8211 5369 656
3439 3161 984
6469 1501 99
2311 1449 224
9986 108 925
4042 2052 588
1216 1150 875
2440 1890 800
3694 1259 681
3031 1780 52
897 711 209
6495 5514 523
3270 1178 709
8059 7997 344
7785 3507 543
2094 1838 287
4044 1576 793
194 178 165
468 315 222
7338 4328 790
5851 4379 745
1226 842 619
3908 2341 644
1202 1200 13
7230 2074 80
8420 8229 128
3831 2746 808
4945 542 671
7387 3652 889
6102 4309 377
3438 840 547
9574 3635 508
4187 3786 629
8862 2267 20
6432 4924 20
6152 6086 994
1353 826 742
7449 3548 910
318 190 355
6135 5527 18
7692 160 794
8460 1440 619
5527 4858 727
9417 8244 815
7153 6621 366
4709 2118 11
5517 3803 16
1926 1444 248
8010 821 891
312 35 92
2720 1246 305
2933 2527 348
3634 328 904
7549 2880 301
1395 1047 301
7494 4946 371
3508 3375 448
58 6 613
3585 3549 565
8090 1107 617
8205 2949 412
7866 3975 438
3406 399 387
812 240 461
6902 1539 155
1832 711 221
2679 1331 975
6632 6420 47
7816 7712 431
6540 4561 169
6601 6032 662
3191 38 760
1657 747 139
3932 971 831
5659 1699 781
184 106 296
1049 802 321
1462 461 914
1677 845 501
713 528 380
2305 769 548
933 218 956
428 225 85
1661 1475 859
4113 994 403
1046 942 332
464 10 823
3763 2825 309
3587 152 365
2387 642 933
1585 1527 226
5498 1246 367
5454 4012 729
4951 3007 659
503 225 311
5441 3781 440
5426 4811 214
3282 2909 377
8290 7693 985
222 166 556
7982 7905 415
1177 273 971
1732 1042 46
8574 7223 272
6672 3207 566
8886 1298 172
5207 375 846
1053 584 90
1181 120 64
4244 3269 669
8595 2876 541
7340 1493 700
7824 1797 171
2002 1410 4
6635 1102 947
3596 1747 848
2444 1940 806
685 118 135
8587 8270 28
3310 3006 127
8886 8133 57
6220 4253 943
2802 1519 917
1317 538 552
3035 1151 665
687 140 738
7856 4008 367
202 51 452
2190 1716 187
2371 1596 725
8437 5260 396
8851 6852 415
4085 2568 255
8254 1461 338
4941 4827 871
7937 5419 365
9688 1121 475
1538 767 857
2794 1433 643
797 761 819
7711 2119 532
1400 184 403
5116 4815 529
7959 101 836
123 110 420
8120 4 45
8041 3841 159
8121 601 818
5834 4598 577
1144 41 835
4984 3806 409
9196 8925 865
6356 3149 835
7883 5525 80
6912 3177 438
2011 435 32
2158 113 834
6427 5926 321
3958 1477 840
5829 1594 660
5624 5540 240
355 288 863
9418 1470 32
2880 763 415
2475 1824 108
9041 8252 509
4027 2689 889
1728 736 521
8165 2413 271
2075 758 326
8312 5158 809
8052 7454 75
8305 779 283
4309 884 673
8006 5454 31
1637 1283 269
7492 4954 122
7980 7047 218
279 229 499
5807 5267 86
7119 6063 466
1219 750 33
7757 7680 634
8806 4544 350
1035 413 16
7928 1003 597
8344 1517 66
7708 657 595
3118 312 497
1570 557 468
6114 4093 939
3513 1455 718
5867 17 282
8833 3876 353
9577 7141 834
9992 5152 846
2619 1435 522
777 647 560
1371 536 643
6827 3707 398
4485 58 85
8217 340 4
3192 545 127
1106 387 292
716 75 712
2393 1287 308
4000 1379 42
945 236 87
1178 48 177
3252 847 962
6933 3020 666
1489 145 31
5073 1707 288
1892 1032 6
1647 381 535
3131 1980 171
5285 2589 682
2240 189 473
9835 6433 995
1757 371 717
1986 566 380
2813 1350 732
7891 3544 287
2800 1063 942
3438 795 181
178 28 403
3088 639 859
8976 3892 141
7396 1208 868
9381 461 783
3046 2640 231
4515 2502 795
1827 1622 735
5884 760 372
8812 7496 799
5719 1893 853
1873 304 797
1301 1103 606
9364 5516 651
203 148 734
6285 1805 4
1914 1558 86
6651 684 297
1502 1103 425
6903 1205 312
6715 5169 181
8488 5667 888
6328 544 402
5304 3511 6
3606 3307 17
2906 2260 635
3194 2671 956
1768 1582 229
9437 5052 554
9061 3866 453
6598 1848 535
3624 3340 474
9965 9330 290
4374 2743 371
8490 2340 856
8565 1634 88
2312 1316 453
7485 5433 449
2184 1115 673
2341 2032 294
3113 1851 743
2961 82 723
7056 4530 750
3052 1176 933
2668 1574 988
1919 665 561
7626 2212 66
75 52 161
1046 349 933
6618 1403 707
8904 3834 134
7311 2072 510
4347 2086 267
1519 190 303
5505 2286 448
6039 1662 708
150 24 572
5245 3661 914
2152 1137 160
2456 2117 587
4158 2322 951
6462 1958 184
5955 4556 207
5373 4670 84
1143 451 802
3497 1143 958
8203 2792 515
8384 965 401
1549 705 836
3762 2265 216
7020 5658 660
6928 3977 637
8985 5658 166
526 259 356
8605 6515 748
9235 3711 264
7159 3326 420
8591 1081 764
6106 5877 182
4491 1724 492
915 747 58
305 17 645
6082 1195 486
60 15 430
2693 1649 376
3433 2118 872
7693 973 917
5534 1884 437
317 296 722
8981 8014 707
2838 137 270
3044 257 213
1922 586 39
4613 655 125
7911 7272 330
9945 5115 298
5215 1548 779
3867 3298 287
2364 955 545
7375 2617 146
3886 2107 919
1816 1372 311
4654 3320 104
8128 4112 51
605 417 282
429 109 126
9958 9888 578
149 27 713
2741 228 84
8244 3880 489
3393 1429 219
1888 1885 162
3957 2470 291
526 340 760
4434 1661 69
8987 6963 843
5042 4432 963
8397 7894 850
6054 4831 735
9336 3443 131
4682 1669 236
9371 7892 571
9597 5806 454
2132 1501 335
4840 2641 298
4269 309 599
1568 263 10
4195 1178 267
7955 7109 455
2942 48 562
6162 1824 845
6053 4090 828
2720 373 990
8745 5080 788
4595 4359 523
8916 7428 63
3386 257 824
8902 6033 598
9757 9242 271
3948 2899 163
1545 212 820
3406 716 645
6790 5424 215
5543 1112 702
2678 591 562
1218 273 938
9030 4970 108
7643 5403 324
894 865 652
7864 670 993
1175 566 227
8264 2538 553
6329 2850 340
1859 680 375
3850 2436 375
1884 1172 18
3146 2262 461
8527 6979 541
6986 6159 307
8087 451 925
576 164 584
5335 2311 633
9983 3246 701
8225 681 717
5033 2066 918
5955 1685 573
3646 1422 171
6387 1088 66
8992 5214 521
4750 1380 516
4407 841 49
3753 365 73
5502 3465 789
4231 3933 910
8360 1467 463
4906 2264 94
126 66 388
5683 1430 959
9186 684 61
2887 980 894
9472 9126 275
325 289 380
544 76 10
4723 3932 27
5602 1005 867
6913 2513 452
5450 4202 937
535 43 616
590 268 722
5566 1525 238
9524 4663 379
1333 297 449
6895 6493 212
3528 1805 114
4414 163 393
5800 671 200
913 134 909
7673 7450 512
992 152 330
2854 1107 686
4686 796 446
7654 3687 958
3533 3429 755
3145 3113 190
5259 4424 435
5989 5859 422
159 105 383
1738 1517 909
1920 745 417
2882 1109 145
2483 456 735
2003 650 12
7834 1985 661
2222 663 887
4237 639 385
1213 155 750
8227 90 871
5019 3583 357
2360 757 712
5325 345 269
5519 4683 741
9594 7930 953
3825 2824 409
3311 3273 900
2969 2551 209
4625 4445 797
3046 1875 722
962 538 384
9253 4669 330
7208 5486 396
2152 1866 488
3288 100 716
3910 3524 278
9844 2044 200
5946 4078 982
6217 3843 968
4950 536 356
4479 4025 666
3090 1840 592
8756 6874 709
2770 1377 926
4733 2295 26
568 194 580
561 12 949
7703 7272 850
4024 3964 393
7944 7639 114
7831 774 839
5845 4154 963
4161 3122 566
1248 329 129
1916 1382 575
3702 444 832
9031 2589 13
2050 5 369
879 37 768
4982 3283 885
7741 7466 557
5835 1143 697
9243 8269 579
2503 1151 351
4679 2027 399
2205 585 765
2951 1586 14
6333 5883 269
9969 3195 953
9766 2496 187
1123 558 775
6773 451 373
9073 5471 642
209 144 502
6996 3417 49
6400 3981 406
6151 2694 686
1075 494 252
805 485 752
5620 4056 894
3243 374 51
3983 2738 540
5441 4671 57
2909 1382 747
3302 729 294
270 133 564
6194 2302 549
671 290 437
5217 3553 222
1635 1004 146
5216 2426 934
1778 232 948
9294 1290 900
1239 925 114
1983 1444 108
126 125 952
4222 671 722
6345 3646 38
1162 1096 325
2934 1798 204
3591 579 899
6764 3761 882
6281 5189 744
6925 1189 131
1202 1166 126
2048 1365 868
9160 8520 818
6544 6129 405
8250 2959 150
5169 1446 601
9113 93 717
9032 5677 821
5094 2834 307
3460 1845 384
2439 1464 942
8110 6169 527
3199 1085 166
4358 968 764
2131 983 187
6141 4570 542
6366 4329 932
7111 3069 65
8064 4499 897
496 79 886
1828 621 125
8596 5842 954
9394 2321 539
8866 3561 860
6131 4126 418
8423 8265 94
9424 5989 973
5648 3191 745
8969 2463 995
3497 1701 206
9181 2240 262
1865 1147 288
9453 9207 738
8086 3800 481
2097 351 847
2704 1296 970
2738 1047 573
5075 2224 302
9748 7514 150
8741 6318 846
2578 2362 200
8478 6857 257
5922 3718 855
5250 424 346
9738 6607 848
8933 2472 727
9826 3247 811
5070 1856 502
1641 359 390
4745 1151 77
5777 2084 284
4639 2320 803
3630 1187 655
5233 838 196
4435 503 813
9079 1956 255
7551 7333 564
4337 1035 558
1965 184 340
8285 3422 875
301 125 83
1530 1319 236
6082 1334 782
4586 1037 285
9317 3586 470
7243 3633 652
2811 1418 373
5913 3611 192
8258 792 612
2414 370 203
8671 879 192
3097 1584 619
3573 1973 307
2896 1296 537
9094 2721 834
350 239 382
9061 5344 531
6383 5416 140
6803 86 27
4535 2445 411
9161 3126 332
9224 2958 695
863 856 332
8864 7229 982
478 388 207
4835 3912 334
4484 3358 562
4421 178 149
7270 3133 648
6965 5584 57
6508 863 977
8531 7220 626
1533 452 893
5201 419 148
6475 3458 858
5073 1340 174
4947 2137 744
4133 3380 327
8990 3339 983
6437 6182 5
6645 3329 615
7636 4506 643
7809 574 181
8617 257 559
9073 3968 998
4384 3083 781
599 448 501
7215 3562 44
5739 5505 986
2097 388 837
7130 3765 100
8968 97 272
7770 641 415
3674 1692 597
5112 1252 588
5899 1792 928
5494 1871 375
8933 6964 247
5459 4882 324
2379 906 167
4318 4104 737
1017 477 710
2263 2178 915
4268 2269 495
4150 1681 101
8323 6673 791
5081 2961 694
7816 6970 744
368 326 16
5131 2273 620
3846 3167 353
1875 1505 912
6878 2274 604
4386 513 238
2227 96 702
1522 743 676
7683 4121 259
1689 1346 183
4547 2116 292
676 387 180
3384 3092 840
235 85 54
5100 635 480
8370 2165 261
5542 3436 694
2702 1571 715
5668 1795 65
9961 2695 729
1196 550 893
2966 893 308
4777 3425 57
8581 4661 445
563 309 174
3144 2254 831
2345 1285 421
5116 1304 238
5806 3989 935
5681 3443 987
4288 1319 867
2469 990 564
1746 1393 735
6082 4523 486
1570 1099 859
5932 723 146
8716 835 44
5649 3339 576
2651 1537 674
5475 4430 694
6065 3065 705
9946 8516 994
6503 4448 215
7917 5553 76
3089 1563 811
1351 1026 393
1983 531 910
7598 5304 104
7335 6634 74
7685 6775 256
1784 1006 682
3775 1507 589
6211 1970 257
5210 2691 194
3195 2297 706
462 237 564
1401 993 976
2239 1204 376
5234 4305 60
2497 1518 520
1378 1354 851
4697 3034 690
5181 2153 698
8685 8493 255
4939 2533 111
6075 4264 762
6703 1424 642
7634 1066 240
9389 8406 937
9061 3885 869
2613 1169 942
2384 475 13
6860 399 731
2120 1546 924
6167 1205 365
3996 2341 311
706 608 716
5110 1329 251
1741 1499 767
3955 796 751
9318 3025 495
9881 5454 809
7631 3284 454
7397 6844 507
7395 3990 175
3768 2508 638
8659 968 800
2189 1394 133
60 9 644
5814 3822 957
7719 5468 358
2583 2186 931
1595 1278 286
9006 3859 192
8442 767 780
9393 6115 553
4129 3239 860
4822 3490 192
6606 1559 910
8858 3854 203
6351 4239 370
1657 1236 743
2391 2044 44
7136 4349 988
6715 152 449
592 385 673
3685 2697 414
7147 1981 48
5336 3984 675
8017 2927 999
1364 52 459
637 164 984
3514 1335 344
341 277 120
1392 737 439
6336 529 966
4296 1269 817
4117 887 256
7108 2427 38
2967 2037 98
1527 106 879
2474 792 975
4310 2005 134
1441 402 834
4123 126 7
3865 1239 253
1740 395 180
4390 1638 111
2157 2014 681
6139 3165 344
9407 5482 606
4812 1468 996
7831 4732 571
5316 2887 192
7827 1512 564
3958 128 393
1161 1098 52
127 2 46
9872 4812 137
3865 892 750
2523 1545 362
9470 2927 899
6200 550 604
8627 6742 656
4150 3939 282
9516 7985 686
9314 5741 103
866 201 584
3014 1764 3
940 216 42
3175 1559 824
1401 950 523
7732 1289 400
6192 3159 27
9110 2484 468
4071 903 304
7010 6614 81
1339 138 560
9262 676 591
7680 2441 26
5464 964 46
2076 629 627
173 50 42
9476 3378 640
6499 2879 846
8655 3495 669
9499 3330 943
6590 622 351
9175 7485 179
9077 5270 471
757 323 88
6751 808 610
9541 4841 705
2510 411 317
9817 3196 317
9969 3203 226
6061 2689 600
7734 3601 275
3790 2808 698
632 493 795
3496 2500 426
3685 629 507
7841 713 276
6472 5104 586
2476 1008 884
508 425 450
8239 5306 984
9135 1565 464
1984 1900 196
3084 1733 118
9292 3108 167
6345 791 895
3503 3239 763
1643 1214 364
1041 962 575
9335 8141 243
1185 1065 988
3914 2812 965
3510 2868 497
8774 5758 637
5736 943 464
3063 1575 850
3041 812 856
668 155 211
3737 789 28
6254 2568 456
6133 5288 917
8584 1165 86
6479 5658 662
6007 263 578
4602 3042 897
4661 1570 506
6471 3192 434
6356 5647 887
5677 4620 211
867 692 217
8110 1555 418
4361 3009 686
7140 5693 824
5820 2203 642
637 233 743
6108 3483 427
6740 5282 754
569 543 381
2710 1135 615
1723 1528 82
6410 3994 68
8148 4937 752
2890 172 852
1364 1023 934
7780 5412 560
5878 3444 822
439 68 945
2271 359 483
1713 594 831
7149 3130 397
1672 503 949
2168 1435 17
4636 769 442
2074 1825 814
7276 2004 876
1947 1679 877
6596 5134 715
7808 4585 288
2996 1377 681
58 4 261
4716 2422 781
