1000 1200
116 566 647 134 607 425 163 663 259 258 482 271 572 162 820 80 487 654 187 428 341 922 233 175 641 966 378 130 716 455 306 74 790 887 969 398 603 829 293 16 49 393 173 424 675 767 239 542 279 210 363 613 189 204 822 768 126 468 875 6 381 251 19 686 663 917 7 643 566 525 956 91 692 849 769 431 975 143 675 2 104 622 241 689 556 415 527 116 201 723 372 290 114 743 427 780 664 99 920 544 804 35 14 869 909 480 67 680 735 683 718 166 266 57 274 733 210 63 822 835 790 927 931 294 838 980 644 588 686 535 803 473 434 387 824 223 845 556 984 916 829 406 284 775 179 149 462 951 716 923 641 20 202 686 815 856 475 969 823 914 701 977 346 97 652 444 530 278 30 571 40 880 5 137 528 971 805 50 665 183 143 322 710 161 820 556 531 238 282 423 845 435 18 17 273 830 394 330 606 151 107 950 543 192 503 585 312 228 298 875 726 657 967 91 606 385 15 8 189 562 263 447 783 70 817 665 11 965 765 521 787 156 113 139 564 318 771 95 726 557 848 271 115 414 612 727 419 432 951 548 686 314 67 956 76 252 465 200 831 533 593 227 708 224 374 986 210 936 40 892 699 979 861 108 978 213 564 153 439 178 945 913 678 248 990 623 131 277 910 513 142 274 871 456 907 721 271 148 256 974 393 893 546 263 514 350 367 862 23 564 566 387 144 795 140 732 529 908 223 794 62 590 306 11 569 526 139 177 302 491 817 832 288 112 784 378 274 593 909 580 50 284 432 108 816 241 177 469 881 777 650 322 673 898 974 454 545 876 894 913 412 373 326 769 360 592 177 727 383 172 517 584 682 271 40 673 351 501 909 956 99 312 198 294 933 86 75 399 412 762 694 938 876 473 772 636 362 832 528 494 926 225 13 807 719 87 739 496 810 343 833 687 944 646 462 817 185 230 355 395 114 848 241 470 502 942 790 179 937 551 431 405 124 57 535 187 340 160 816 725 687 373 493 968 955 900 251 974 916 863 151 978 139 348 120 960 641 480 965 297 709 387 283 157 232 145 571 53 91 830 158 219 16 172 350 275 653 915 767 796 403 768 648 501 944 533 917 407 119 77 891 560 225 726 234 105 724 744 605 279 421 803 881 963 884 955 475 458 398 661 925 97 699 981 9 140 856 457 565 48 982 374 84 303 360 789 877 288 760 27 223 552 817 974 596 598 435 240 468 791 450 911 922 666 160 132 720 79 29 210 218 683 140 242 244 157 957 61 390 180 389 863 932 394 655 329 129 403 834 853 816 189 246 13 288 141 720 342 853 772 232 713 371 515 227 881 487 659 796 187 700 676 947 241 939 245 751 745 183 956 710 127 746 467 101 680 894 142 647 105 414 556 770 243 47 68 185 360 405 776 822 773 847 183 870 699 210 65 285 372 340 714 888 148 800 945 889 597 30 85 581 408 695 746 117 465 667 646 329 311 192 692 510 6 578 94 825 723 196 454 881 136 825 920 623 95 712 852 713 820 869 829 958 611 864 657 107 75 966 331 67 896 432 908 642 762 436 743 181 972 832 76 460 135 6 347 945 618 89 909 450 981 714 7 296 729 948 818 335 874 692 249 286 633 901 920 436 17 421 549 964 408 361 983 866 620 883 184 196 929 278 972 617 608 901 661 774 565 489 161 420 764 940 378 67 195 834 716 92 218 52 935 210 315 729 185 945 796 235 605 960 830 45 828 437 433 782 861 727 959 351 852 449 621 938 1 267 412 615 625 184 501 618 83 774 459 693 549 526 78 751 314 791 598 197 962 501 145 214 621 726 292 283 757 44 262 547 365 22 843 86 814 528 581 131 806 726 384 847 883 846 74 130 386 829 589 531 335 780 957 90 819 859 117 277 746 253 375 363 48 230 8 744 910 233 631 716 973 828 97 428 842 973 221 932 402 145 38 419 478 498 804 274 356 456 550 769 422 516 656 32 588 242 403 764 287 72 784 464 805 950 255 369 778 69 713 362 217 897 492 750 808 96 574 538 32 749 872 125 828 930 982 390 300 529 44 837 6 443 64 750 569 734 565 468 174 86 399 533 365 799 915 711 283 412 169 453 965 931 80 209 811 147 189 273 293 537 545 964 6 542 801 509 870 967 985 540 62 77 644 614 351 539 733 64 959 240 215 704 525 123 405 119 831 701 160 411 242 437 143 898 362 447 453 560 145 305 797 40 448 959 646 298 24 161 39 179 851 819 122 119 425 112 295 485 652 49 884 580 442 
163 37 278
673 111 234
120 91 441
389 37 278
798 543 571
634 474 54
272 271 862
287 85 502
440 130 398
669 254 319
211 152 876
660 54 900
472 291 709
958 363 548
149 110 908
935 630 706
91 69 967
676 423 151
167 120 236
766 603 433
749 193 453
286 264 920
379 175 107
44 43 323
839 461 588
457 66 571
747 581 262
110 106 916
74 37 290
452 296 498
616 113 491
523 311 716
40 2 591
192 119 522
602 178 217
915 23 224
967 710 213
900 555 155
305 260 176
760 334 207
43 17 422
425 151 483
475 358 4
377 53 247
407 319 658
262 166 232
75 51 993
728 119 723
678 295 610
80 38 252
182 84 786
507 464 542
940 229 577
370 242 349
810 492 665
72 15 307
247 23 148
745 341 373
536 351 566
441 348 853
550 346 149
586 161 839
459 226 204
750 575 468
554 415 714
600 237 241
795 599 466
65 54 595
125 62 710
365 271 400
556 359 772
162 143 63
804 417 916
803 736 796
318 235 760
103 81 808
808 141 547
830 640 697
989 84 246
366 94 350
753 599 664
352 34 97
106 27 216
523 134 81
632 4 844
678 477 612
357 73 15
246 242 656
42 5 224
827 764 8
900 573 311
408 137 424
997 118 467
325 42 398
398 146 340
239 104 791
753 194 178
658 110 140
38 8 246
186 113 601
469 257 677
391 77 839
53 2 559
84 56 568
120 93 621
552 371 672
965 836 533
32 21 419
35 8 493
901 155 831
690 93 984
293 279 922
29 4 260
24 7 40
623 88 616
188 91 976
16 6 716
115 88 879
473 333 545
944 641 96
759 392 986
924 381 315
311 272 348
744 551 844
612 593 173
890 37 414
111 40 222
989 600 109
487 480 59
350 126 693
687 640 946
973 379 845
699 292 169
469 200 101
364 316 998
934 111 959
808 40 532
289 69 931
40 12 216
433 67 821
970 903 898
765 287 311
640 150 528
814 338 150
476 65 663
772 106 867
299 293 72
369 76 424
520 463 192
824 322 30
420 161 172
172 21 505
485 184 690
160 49 106
546 525 131
453 420 527
101 84 381
930 686 35
662 216 612
698 6 590
252 132 989
655 40 789
966 758 362
775 578 427
828 635 249
676 3 507
449 260 650
746 163 415
95 48 836
877 604 340
977 569 337
599 18 523
797 520 914
498 13 338
845 736 177
953 234 851
828 631 312
332 12 939
892 69 739
859 707 339
146 28 677
88 35 125
560 16 666
521 247 772
878 650 43
554 290 281
605 216 633
357 148 848
87 50 549
653 36 809
376 152 700
915 342 871
727 536 86
827 310 873
591 243 489
270 82 545
628 7 411
719 487 317
916 284 470
912 263 216
754 174 197
450 383 58
76 71 758
224 75 231
576 504 850
601 421 272
416 174 869
209 93 744
902 468 676
603 256 163
208 79 291
937 239 141
752 147 22
321 214 31
381 297 142
324 38 576
472 352 6
717 26 47
827 258 406
624 551 269
294 283 893
696 688 370
125 45 984
490 137 75
397 213 190
661 177 818
543 367 785
666 44 753
683 606 942
243 190 568
36 33 983
834 310 499
569 47 560
149 94 363
470 39 77
506 427 92
78 54 605
575 403 82
367 299 994
292 8 581
14 1 981
291 113 648
705 249 977
720 281 875
847 576 753
174 148 975
310 101 126
775 104 769
243 115 507
41 13 374
504 311 595
216 65 860
255 146 98
246 168 788
501 486 839
839 491 791
646 290 855
4 3 426
977 751 128
820 804 293
627 311 838
899 880 944
559 549 452
497 171 300
880 156 521
429 270 504
802 152 35
710 691 435
488 190 803
739 232 457
214 112 382
948 288 607
27 7 569
911 105 908
975 82 715
536 229 351
633 353 212
472 352 1
855 82 124
988 623 539
585 287 870
925 296 30
186 76 932
992 277 561
543 325 349
853 701 719
743 294 798
883 503 737
364 89 729
756 67 882
334 58 21
832 458 559
142 135 509
217 113 921
26 16 874
967 244 9
471 292 775
98 86 168
402 78 20
554 180 989
286 214 4
597 103 537
806 297 303
292 109 795
142 71 497
992 10 138
323 320 491
32 12 557
307 108 669
847 734 767
22 6 523
362 103 718
820 334 46
533 198 166
362 125 367
541 534 777
72 39 586
352 210 242
703 427 545
380 82 384
102 73 96
527 412 87
983 921 97
848 787 988
340 67 920
801 446 948
66 34 384
429 262 652
879 416 654
67 6 988
400 195 291
88 20 212
757 427 649
73 63 354
451 130 312
420 358 333
67 34 698
597 31 655
687 180 207
48 29 997
367 193 978
240 105 873
349 195 652
564 96 909
811 664 205
640 323 359
329 127 817
585 387 62
145 44 708
332 179 283
23 18 593
902 318 582
958 834 297
835 98 732
619 77 914
408 245 237
433 19 89
767 214 40
282 239 181
546 405 231
110 47 999
278 108 745
720 610 468
905 653 924
382 364 968
120 63 64
497 403 108
832 338 57
453 380 574
764 726 263
813 391 312
130 101 848
811 805 91
140 99 565
215 209 179
150 116 479
196 117 80
932 351 635
808 692 855
211 74 588
435 27 111
680 675 196
705 519 509
610 441 60
876 579 811
358 114 191
476 162 749
795 454 279
470 273 894
88 21 11
449 1 91
702 500 544
501 133 273
402 322 316
793 384 424
145 71 449
901 349 671
620 585 910
807 419 364
934 627 52
881 514 231
519 86 973
170 27 252
789 557 258
106 38 859
372 3 293
106 11 305
658 450 851
655 507 682
794 277 510
40 26 954
924 63 157
989 567 329
592 112 329
703 121 100
364 204 904
402 169 965
580 392 904
263 25 891
305 269 986
832 33 524
133 122 347
926 849 712
392 217 633
620 129 915
468 389 850
34 23 150
601 221 174
266 98 578
582 416 939
747 244 321
553 213 194
993 673 529
834 577 69
978 573 722
28 17 751
512 294 618
538 423 399
665 397 334
305 146 168
752 179 458
398 226 699
983 303 477
254 127 427
173 74 332
412 199 113
326 241 369
609 178 30
801 436 269
682 670 791
337 327 31
293 199 79
866 6 812
938 560 497
554 402 821
664 167 964
726 166 721
725 307 229
748 265 308
510 13 119
747 718 330
248 87 954
114 68 567
528 149 496
640 530 834
785 399 337
472 180 236
967 6 246
869 250 146
107 44 869
787 199 605
657 585 802
286 279 145
925 713 119
758 298 951
606 571 400
488 418 867
225 121 220
291 191 355
226 1 688
255 228 94
914 610 377
37 12 800
949 643 407
664 454 50
529 95 244
336 12 397
739 440 153
795 208 409
294 240 848
802 503 954
496 305 93
102 11 651
867 827 471
312 250 447
574 105 22
774 77 425
573 397 70
546 353 856
180 39 305
488 446 706
213 38 383
736 194 380
466 155 132
636 568 862
280 116 584
242 106 10
712 661 916
4 2 864
988 756 634
451 265 707
140 120 75
683 390 707
141 72 57
9 8 654
162 87 387
110 54 703
72 17 487
824 83 930
177 17 307
86 54 482
165 97 954
112 91 407
548 125 400
542 319 429
286 242 320
480 430 670
253 118 974
411 183 465
351 337 323
367 346 853
479 207 556
82 7 413
64 41 812
521 94 983
948 236 863
943 267 356
612 337 779
252 232 397
960 627 286
717 46 677
630 90 130
336 264 591
798 38 50
375 270 134
856 7 815
701 455 586
251 115 811
277 117 366
222 97 155
380 191 96
679 187 400
505 479 193
991 226 268
420 171 31
522 153 556
584 72 931
662 493 291
674 553 233
140 67 678
528 142 804
513 123 368
628 605 176
848 83 83
381 337 894
177 159 592
116 30 524
757 335 81
726 209 349
552 172 20
407 23 418
845 404 24
358 231 714
871 503 585
16 10 688
370 181 58
512 152 619
627 177 617
980 539 656
449 54 389
411 16 4
834 404 847
61 56 337
578 404 636
934 261 975
817 362 618
570 445 905
447 90 607
154 35 965
819 520 7
899 836 327
589 181 814
489 124 764
288 172 379
289 150 830
184 116 13
263 46 373
820 272 276
67 25 476
266 83 578
178 10 483
691 255 641
855 16 870
476 384 913
518 443 830
519 361 173
512 364 645
399 150 952
672 459 392
229 176 335
528 516 409
775 304 979
749 81 632
578 417 232
229 192 756
790 304 560
714 468 55
69 16 562
334 144 297
657 257 392
631 82 842
265 162 816
245 217 58
442 82 291
120 24 537
141 67 813
153 69 889
268 61 720
478 244 779
961 867 631
874 331 754
846 213 62
862 522 257
409 68 74
376 37 786
429 87 39
121 16 217
843 37 441
952 244 710
109 105 88
706 33 875
91 76 592
872 39 725
886 249 424
47 18 959
607 491 482
337 32 875
59 5 496
59 4 698
803 413 635
903 521 24
875 774 551
879 788 915
322 121 391
80 78 108
345 6 545
481 102 335
717 63 631
814 112 654
151 142 833
485 380 719
209 178 600
121 30 38
261 81 339
125 101 483
93 13 36
545 393 235
89 41 820
536 509 617
592 235 804
768 387 504
13 7 441
498 406 768
321 89 933
653 651 314
426 120 327
161 56 738
316 186 269
225 86 825
795 608 242
752 376 210
409 182 125
118 100 931
176 31 286
318 117 547
247 142 416
488 259 835
885 78 689
708 346 411
193 113 300
750 59 807
306 64 222
149 33 684
898 800 276
203 201 876
392 154 830
291 262 306
671 574 906
593 57 84
119 46 714
817 220 749
324 296 525
269 191 101
869 29 280
695 434 249
965 308 884
250 240 559
793 311 932
559 352 295
680 18 824
227 91 664
540 180 687
675 524 68
363 55 37
566 12 838
519 160 846
111 51 13
559 254 928
446 22 385
836 274 45
853 732 137
57 17 561
831 313 899
328 134 478
903 271 892
377 366 104
894 692 536
637 250 468
549 415 293
152 43 598
314 112 707
174 50 524
43 13 203
346 158 575
434 169 224
137 126 900
492 408 6
672 570 941
34 9 551
306 174 847
525 259 310
598 422 479
271 75 420
363 119 225
521 345 247
893 832 734
544 522 389
746 416 908
476 201 621
274 136 574
142 61 38
53 17 795
25 10 9
544 273 631
612 130 333
261 70 302
783 646 2
499 279 773
494 314 523
456 223 482
260 18 172
952 910 693
753 346 682
774 387 330
526 309 897
178 135 997
354 303 446
171 47 77
955 253 63
374 309 75
236 154 55
463 238 955
107 19 975
73 6 66
524 69 957
593 566 48
463 62 2
671 468 128
968 728 216
878 23 555
262 171 821
495 268 94
670 583 141
635 553 87
212 87 836
818 355 403
249 207 76
722 283 860
501 26 459
941 278 533
972 539 407
125 4 368
4 2 249
582 335 741
917 197 264
948 404 436
836 618 30
25 4 216
578 27 759
87 13 690
865 435 591
276 83 365
469 309 915
308 229 497
219 47 49
789 702 630
730 352 653
637 205 880
79 78 770
752 183 739
36 27 473
553 325 869
373 84 952
810 647 299
325 314 147
744 630 985
419 168 951
648 404 203
120 15 557
687 452 216
718 522 316
149 58 737
106 67 158
43 6 13
279 70 827
688 109 75
728 12 566
465 361 825
566 250 76
55 38 281
684 502 588
878 316 696
465 52 15
964 215 658
408 100 636
420 362 667
860 637 760
829 32 717
934 559 956
453 415 344
335 323 301
665 480 145
141 132 721
696 146 594
526 170 713
898 381 887
430 364 227
46 26 217
398 187 84
814 318 805
767 563 550
426 259 574
329 101 850
521 489 33
369 168 656
826 467 724
490 51 780
435 311 722
624 425 890
615 451 357
900 37 558
438 36 912
822 394 248
171 68 668
176 130 832
697 463 494
606 315 666
134 29 140
524 99 840
729 231 682
163 16 465
21 9 603
237 26 20
88 21 355
572 252 58
227 88 470
427 27 838
369 39 5
444 113 971
336 120 289
702 417 6
453 163 253
283 33 466
50 21 480
599 157 404
193 60 746
742 573 935
521 274 810
197 76 929
689 557 346
195 11 229
794 530 200
815 418 973
340 182 856
125 38 915
868 801 711
368 136 541
205 104 287
271 270 11
219 142 323
601 219 164
520 84 978
547 293 884
66 32 87
151 18 781
47 45 896
483 99 671
78 32 479
983 779 530
11 3 103
453 401 462
730 697 40
668 125 152
15 9 205
607 570 552
762 55 625
8 1 202
911 289 50
46 2 113
730 697 946
899 830 724
423 13 234
412 75 221
880 461 145
654 27 410
290 48 20
737 689 392
297 265 111
88 26 170
939 893 530
549 294 379
911 90 418
670 264 863
256 132 348
799 735 569
406 281 838
282 104 988
994 229 577
379 126 628
903 726 895
780 750 51
607 499 327
446 227 177
207 49 623
17 4 312
700 406 193
721 335 988
755 672 106
942 128 541
627 573 768
536 441 42
956 43 207
859 697 226
171 94 440
274 22 839
982 115 695
366 169 45
369 366 413
800 792 287
174 65 274
916 192 363
946 742 479
29 8 648
614 4 379
224 96 165
902 496 110
38 28 31
385 132 930
499 146 585
165 1 429
491 448 542
793 488 758
754 384 351
683 229 853
368 193 816
148 113 596
202 57 779
481 460 177
605 503 349
146 106 248
365 304 390
28 22 150
600 346 949
590 462 508
124 45 371
579 112 116
410 397 274
811 487 914
575 425 907
471 74 592
27 14 485
575 213 38
851 467 171
607 432 523
951 898 287
224 164 490
12 11 756
42 17 262
966 788 876
